0 0.18671875 0.2375 0.0453125 0.18984375
0 0.26953125 0.24921875 0.0390625 0.175
0 0.12109375 0.3828125 0.05 0.18125
0 0.14296875 0.51328125 0.1546875 0.2046875
0 0.046875 0.44375 0.0578125 0.215625
0 0.4375 0.6359375 0.153125 0.2328125
0 0.63828125 0.6125 0.12890625 0.19921875
1 0.4921875 0.37890625 0.178125 0.19765625
1 0.515625 0.21171875 0.19453125 0.1140625
1 0.5921875 0.12265625 0.121875 0.075
1 0.34453125 0.1484375 0.0875 0.18359375
0 0.8796875 0.73671875 0.071875 0.24453125
0 0.80703125 0.52734375 0.096875 0.24921875