0 0.26328125 0.3375 0.11171875 0.2234375
0 0.09765625 0.30625 0.0671875 0.2046875
0 0.80859375 0.62265625 0.09296875 0.37421875
0 0.734375 0.83515625 0.084375 0.3296875
0 0.68515625 0.67734375 0.07421875 0.31328125
0 0.4078125 0.24765625 0.1234375 0.153125
1 0.6078125 0.22890625 0.1296875 0.15234375
1 0.5828125 0.0921875 0.12578125 0.07265625
1 0.4703125 0.06796875 0.0625 0.1078125
0 0.653125 0.434375 0.13671875 0.1671875
0 0.49609375 0.3890625 0.14921875 0.16953125
0 0.36796875 0.428125 0.09375 0.2046875