0 0.2765625 0.35546875 0.04296875 0.1984375
0 0.3640625 0.33828125 0.0640625 0.2
0 0.44765625 0.334375 0.0546875 0.20625
0 0.23046875 0.278125 0.05390625 0.1984375
0 0.1703125 0.44609375 0.1375 0.26484375
0 0.05390625 0.4265625 0.1 0.303125
0 0.68984375 0.70234375 0.16953125 0.2453125
0 0.6609375 0.446875 0.16328125 0.159375
1 0.559375 0.26328125 0.06875 0.2375
1 0.659375 0.22578125 0.10390625 0.22578125
1 0.47109375 0.11796875 0.0875 0.1671875
1 0.6109375 0.071875 0.1203125 0.071875
0 0.49296875 0.61328125 0.115625 0.35390625