0 0.340625 0.71953125 0.14765625 0.22734375
0 0.34921875 0.51484375 0.1203125 0.27890625
0 0.58515625 0.86875 0.14375 0.25546875
0 0.1078125 0.83203125 0.215625 0.303125
0 0.7390625 0.85234375 0.1484375 0.28359375
0 0.66875 0.4453125 0.234375 0.16328125
0 0.45078125 0.48359375 0.0734375 0.20703125
0 0.4828125 0.734375 0.12421875 0.26875
1 0.47578125 0.14375 0.1765625 0.0984375
1 0.36328125 0.290625 0.103125 0.17265625
1 0.5171875 0.2765625 0.18046875 0.1609375
0 0.18046875 0.5859375 0.13828125 0.17734375
0 0.1671875 0.3796875 0.08515625 0.22890625
1 0.24609375 0.37421875 0.0921875 0.23515625