0 0.534375 0.41015625 0.146875 0.23828125
0 0.25703125 0.3375 0.1046875 0.221875
0 0.43515625 0.18515625 0.0671875 0.16796875
0 0.6515625 0.3546875 0.06171875 0.19140625
0 0.778125 0.72109375 0.1515625 0.36875
0 0.5203125 0.84609375 0.15546875 0.30703125
0 0.52734375 0.61171875 0.159375 0.178125
0 0.65078125 0.7203125 0.0734375 0.30390625
1 0.7875 0.35234375 0.1390625 0.22890625
1 0.70078125 0.1140625 0.1234375 0.12265625
0 0.11953125 0.4421875 0.10234375 0.2359375
0 0.153125 0.76015625 0.30546875 0.4125