0 0.53046875 0.178125 0.046875 0.15234375
0 0.64453125 0.3125 0.0421875 0.19765625
0 0.55625 0.35625 0.1328125 0.21484375
0 0.775 0.565625 0.10859375 0.26328125
0 0.8921875 0.50859375 0.10546875 0.2296875
0 0.58515625 0.7421875 0.21015625 0.3453125
0 0.403125 0.83671875 0.184375 0.3265625
0 0.2109375 0.64765625 0.18359375 0.41796875
0 0.415625 0.25703125 0.084375 0.21875
1 0.69296875 0.0921875 0.12578125 0.14921875
1 0.7796875 0.30859375 0.11796875 0.18359375
1 0.8640625 0.1921875 0.06484375 0.14375