1 0.64453125 0.18203125 0.096875 0.18046875
1 0.57890625 0.1890625 0.10625 0.165625
1 0.49375 0.10234375 0.08828125 0.096875
0 0.45859375 0.28828125 0.07890625 0.18828125
0 0.37578125 0.28671875 0.08203125 0.20859375
0 0.3109375 0.30546875 0.04296875 0.1859375
0 0.27265625 0.24609375 0.04296875 0.18828125
0 0.21015625 0.42578125 0.10390625 0.21640625
0 0.10859375 0.3984375 0.115625 0.2609375
0 0.3265625 0.5375 0.0921875 0.25234375
0 0.6546875 0.6015625 0.2125 0.20234375
0 0.8109375 0.7328125 0.06953125 0.26796875
0 0.9046875 0.8546875 0.103125 0.28359375
0 0.728125 0.82890625 0.07109375 0.28359375
0 0.48125 0.5 0.12734375 0.2234375