0 0.74921875 0.90625 0.3234375 0.175
0 0.1078125 0.79453125 0.215625 0.40234375
0 0.4984375 0.8015625 0.175 0.38671875
0 0.31171875 0.78125 0.18203125 0.4265625
0 0.728125 0.6265625 0.17734375 0.3796875
0 0.503125 0.515625 0.27265625 0.17109375
1 0.21796875 0.44609375 0.296875 0.2390625
0 0.5140625 0.3703125 0.27265625 0.140625
0 0.28515625 0.2609375 0.1796875 0.12578125
1 0.5140625 0.2265625 0.28359375 0.12421875
1 0.33671875 0.159375 0.06640625 0.06171875
1 0.475 0.125 0.2015625 0.06640625
1 0.47265625 0.0484375 0.1578125 0.078125