9_mp4-0005_jpg.rf.0ae3dd58ede3ec32ee16cebf975ed923.jpg 153,401,369,567,0 289,290,361,389,0 381,356,581,575,0
5_mp4-0008_jpg.rf.0fb5b424339befab4bdcae6db96bf2e9.jpg 429,341,607,635,0 256,367,425,640,0 0,342,161,638,0 160,342,263,635,0 251,235,428,368,0 89,193,249,342,1 345,148,423,232,0 254,133,343,231,1 169,109,249,193,0 253,58,386,128,1 200,57,255,106,1 253,7,349,57,1
3_mp4-0015_jpg.rf.0023fec96947b20e9f78041bb90b5dca.jpg 133,145,204,288,0 41,131,84,262,0 488,279,547,518,0 443,429,497,640,0 415,333,462,534,0 222,110,301,208,0 348,98,431,195,1 333,36,413,82,1 281,9,321,78,1 374,225,462,332,0 270,195,365,303,0 206,209,266,340,0
5_mp4-0001_jpg.rf.14089e0761815402d3fb9c76d4281f65.jpg 352,507,464,635,0 149,425,344,631,0 118,284,309,422,0 8,407,153,629,0 326,235,487,365,0 329,365,539,499,1 151,150,325,267,1 300,103,431,223,1 166,60,330,155,1 26,265,126,403,0 471,510,607,638,0
7_mp4-0008_jpg.rf.066ab1217eb75fca29c802409ef43baf.jpg 276,184,382,293,1 133,172,213,291,1 196,468,373,640,0 395,453,539,631,0 9,228,114,416,0 132,335,329,468,0
8_mp4-0001_jpg.rf.0f39966da4823bef68ecb6abc85edf26.jpg 307,372,396,516,0 307,134,360,252,1 95,188,204,369,1
9_mp4-0015_jpg.rf.1336fd37ebdb46416448ded6a5435a47.jpg 295,317,578,570,0 90,267,264,546,0 306,111,597,300,0
8_mp4-0013_jpg.rf.0bd7ffef349f9f32e56f8c6897acd49f.jpg 238,349,334,504,0 0,344,161,532,0 215,121,302,258,1
3_mp4-0018_jpg.rf.0edd4dbfa59f873f3f7139027a4ea3b7.jpg 163,164,191,291,0 213,153,254,281,0 269,148,304,280,0 130,115,165,242,0 65,201,153,370,0 3,176,67,370,0 387,371,496,528,0 371,235,475,337,0 336,93,380,245,1 389,72,455,217,1 274,22,330,129,1 353,23,430,69,1 279,279,353,506,0
12_mp4-0001_jpg.rf.16e6b2f5f836b05f8e88210a9478e99b.jpg 8,5,356,579,1 374,94,640,640,1
3_mp4-0002_jpg.rf.1714e49a368bf130509f609dae931214.jpg 15,303,197,618,1 210,397,469,640,1 272,82,376,220,1 248,17,347,75,1
9_mp4-0003_jpg.rf.18f2e1290985e432eb8be0466b7e7bcc.jpg 211,391,382,586,0 389,114,575,577,0 4,0,212,387,0
8_mp4-0007_jpg.rf.162489726f5f49cb107722ddc0374fc3.jpg 161,347,256,493,0 466,435,516,630,0 298,192,414,277,1 266,460,431,623,0
12_mp4-0015_jpg.rf.17ef0c11a3fe6ce1710266925a619fc1.jpg 68,130,301,606,1 342,128,578,590,1
7_mp4-0012_jpg.rf.1b3f1580ecd3ae69e84a328281056f5c.jpg 150,463,379,640,0 251,233,405,360,1
2_mp4-0014_jpg.rf.2d816f9b3a85466837ad1c6163924fe3.jpg 110,227,182,395,0 70,349,131,532,0 49,169,111,307,0 265,283,350,497,0 429,329,501,526,0 557,369,612,543,0 505,244,560,402,0 240,94,297,219,0 314,137,355,243,0 402,217,443,364,0 422,51,487,162,1 320,39,415,129,1
8_mp4-0008_jpg.rf.1a9679418c341b962b34ea633a1efbee.jpg 291,413,433,640,0 145,393,265,634,0 239,124,336,233,1
7_mp4-0011_jpg.rf.1b9ea840726869a3f85570394d20dd3a.jpg 431,401,616,632,0 209,393,210,393,0 250,195,352,371,1 156,234,230,428,0 73,456,277,640,0
3_mp4-0006_jpg.rf.20b8aa77bba63c3e3e6fe5257a1b8279.jpg 105,91,134,213,0 160,104,185,216,0 62,187,94,303,0 42,263,141,394,0 12,215,49,353,0 231,333,329,482,0 367,328,450,456,0 258,179,372,306,1 268,99,392,172,1 340,55,418,103,1 193,36,249,154,1 540,393,586,550,0 486,258,548,417,0
5_mp4-0005_jpg.rf.336b417359063369644c037c895feb7f.jpg 284,363,498,633,0 496,368,633,633,1 35,362,279,638,0 49,179,238,359,1 241,195,466,356,1 246,102,415,192,1 217,29,369,99,1 160,91,241,183,0
5_mp4-0018_jpg.rf.1bf511b8aabd041ecb4ef8130cdca779.jpg 342,464,462,640,0 273,359,333,537,0 455,373,536,533,0 98,489,227,640,0 166,222,258,367,0 203,134,269,207,1 341,166,427,258,1
9_mp4-0001_jpg.rf.1a2c568d29dd9334b750eda299da3c42.jpg 195,391,506,608,0 148,63,372,377,0 403,230,564,384,0
7_mp4-0015_jpg.rf.388971177bfedfa7b31b133d64fbc130.jpg 408,341,521,616,0 132,366,212,613,0 1,275,103,518,0
11_mp4-0010_jpg.rf.37e224607f09f541ce69ce3299ad2d19.jpg 154,376,296,538,0 339,402,433,499,0 61,293,133,388,0
7_mp4-0010_jpg.rf.366c06907f4a952f6e3acd3ba6bdf921.jpg 386,352,510,539,0 163,365,373,640,0 226,175,349,324,1
9_mp4-0006_jpg.rf.388a4c778edde4fa8db7531e502e987a.jpg 300,293,370,375,0 388,360,470,504,1 158,400,384,568,0
11_mp4-0017_jpg.rf.37e042e7ab5800cd3d3f7197e2ffc8fa.jpg 296,451,445,582,0 132,246,234,431,0 268,257,413,451,0
7_mp4-0014_jpg.rf.37bf8d848d3d331fc24586cf2c522439.jpg 229,274,368,447,0 153,337,213,565,0 17,290,109,445,0
9_mp4-0011_jpg.rf.3b9d9fd86b126b80f5b346d94de3458f.jpg 77,340,266,640,0 279,322,555,640,0
8_mp4-0009_jpg.rf.3f03adcf92f107730bc24c2ea2827835.jpg 284,434,349,620,0 118,449,250,640,0 264,118,344,238,1 384,397,539,577,0
12_mp4-0008_jpg.rf.3dadf9fa6acc8cee742f38af24783e3f.jpg 31,28,318,424,1 343,118,640,640,1
10_mp4-0011_jpg.rf.45554e180bd7e6cae6791da7df0ee5e9.jpg 244,244,391,434,1 307,121,417,228,1
12_mp4-0012_jpg.rf.50314587e89eb7bdc466377233efc345.jpg 43,59,318,523,1 344,205,617,572,1
11_mp4-0005_jpg.rf.3f5bdfd5b1591212b5fa1baae023c8e5.jpg 178,358,285,554,0 318,344,448,569,0
2_mp4-0016_jpg.rf.3d15d7b4ff721e9d99e0c4e54807c5c1.jpg 297,206,334,349,0 365,242,407,371,0 169,236,251,422,0 70,170,153,365,0 8,217,67,407,0 81,363,178,609,0 231,395,425,640,0 424,304,534,499,0 306,2,375,110,1 373,144,437,262,0 217,76,283,278,0
12_mp4-0010_jpg.rf.2ee087fcc70a969fa84ec995fa864e61.jpg 38,87,317,640,1 329,245,639,640,1
2_mp4-0012_jpg.rf.575eb1376a08ba8e407cc4b1584ead31.jpg 295,186,389,339,0 131,145,198,287,0 257,65,300,172,0 397,166,437,288,0 450,344,547,580,0 283,443,383,640,0 287,335,389,449,0 393,364,440,558,0 460,152,549,299,1 409,34,488,112,1 44,208,109,359,0 0,355,196,619,0
9_mp4-0009_jpg.rf.5c0386507077815e8825faae4c5da46a.jpg 269,336,552,640,0 61,352,260,640,0
11_mp4-0009_jpg.rf.496c4e314c032c3de31425ee564de4db.jpg 160,405,294,531,0 72,307,137,397,0 340,404,429,486,0
7_mp4-0007_jpg.rf.6415acc9ea620ba35728c37017342049.jpg 375,398,526,584,0 179,327,321,529,0 305,124,391,259,1
5_mp4-0017_jpg.rf.59d6cad7592c5d98a89030f0d888ff68.jpg 350,383,449,594,0 262,235,377,334,1 186,212,262,358,0 47,412,226,640,1 241,405,295,579,0 449,334,515,464,0 279,337,334,490,0
9_mp4-0000_jpg.rf.5092830e657018e96b7dada315ee7778.jpg 293,384,506,640,0 94,343,292,640,0
11_mp4-0003_jpg.rf.5a358bc9df973d5f17514d212cda8fa3.jpg 186,311,273,467,0 72,459,209,640,0 308,364,436,640,0
10_mp4-0008_jpg.rf.67da60b8a5fc8cea8965b28715662598.jpg 266,188,392,381,1 310,77,403,168,1 344,395,594,638,1 215,460,330,640,0
10_mp4-0010_jpg.rf.67b10d5122faca9e6f85985899691868.jpg 283,114,423,274,1 203,405,330,640,0 351,400,621,640,0
12_mp4-0006_jpg.rf.6e2b02301d262f229144c0f135aef9a7.jpg 11,5,310,640,1 336,85,640,640,1
2_mp4-0004_jpg.rf.5fac350f2fa1be8dc41cfdafba607147.jpg 170,297,285,504,0 38,302,147,508,0 62,160,156,298,0 193,25,290,142,1 307,64,386,219,0 412,12,472,107,1
9_mp4-0010_jpg.rf.640d0f5dd5b014580ce55550efcdd57e.jpg 291,338,544,640,0 79,361,264,640,0
3_mp4-0003_jpg.rf.67efcd11aac02bd335d3f0ee497d8ba3.jpg 11,382,231,618,1 365,324,505,571,0 71,140,98,256,0 246,124,340,246,1 246,41,332,122,1
7_mp4-0000_jpg.rf.6896cce18cd75fb249cb30e55b72a20f.jpg 352,416,431,599,0 129,391,311,617,0 354,286,407,408,0 290,138,358,219,1 251,213,342,283,1
7_mp4-0016_jpg.rf.7188c003f7c201bd686a7eed5ade8231.jpg 278,205,380,381,1 9,352,65,545,0 321,433,511,640,0 185,307,186,308,0
10_mp4-0006_jpg.rf.68289204b322bab6fba56b8adccbaeee.jpg 354,412,546,640,1 343,108,397,236,1 279,264,425,369,1
2_mp4-0007_jpg.rf.708d39933e51037027b154143eccc9b4.jpg 259,381,328,578,0 376,392,472,587,0 64,149,113,276,0 276,195,330,341,0 335,175,380,290,0 456,128,498,241,0 355,62,384,163,0 142,61,256,168,1 538,94,588,193,1 411,2,469,71,1 0,327,100,536,0 133,184,248,350,0
12_mp4-0005_jpg.rf.745d5435ec0373ee933121f35e966c1e.jpg 313,10,630,398,1 0,7,305,639,1
5_mp4-0011_jpg.rf.7532620efd6afa5876770029ca23f3fe.jpg 0,416,62,621,0 290,471,388,632,0 97,505,257,640,0 84,371,257,505,0 379,394,595,640,0 47,228,253,375,0
7_mp4-0013_jpg.rf.74ef6c56ba66513b03cf592e17f3dfb3.jpg 398,454,596,640,0 232,240,385,390,1 132,306,224,538,0
7_mp4-0003_jpg.rf.797360af87f8e5eecbc16e3bb84d7e16.jpg 352,396,427,555,0 245,431,313,638,0 133,485,243,640,0 0,420,95,640,0 85,333,166,490,0
2_mp4-0011_jpg.rf.78bd052bc719db0b0e96788d63859fe3.jpg 325,65,355,163,0 399,137,426,263,0 314,159,399,297,0 461,278,531,446,0 537,252,605,399,0 307,365,442,586,0 199,431,317,640,0 76,281,194,548,0 239,95,293,235,0 403,11,484,107,1 461,139,537,256,1 532,77,574,169,1
3_mp4-0004_jpg.rf.753777bc05f55bcbe80b61dab00ca31f.jpg 1,392,161,640,1 330,399,483,640,1 129,166,162,311,0 361,265,469,394,0 312,30,396,104,1 248,100,320,214,1 219,34,313,97,1 352,169,459,258,1
10_mp4-0014_jpg.rf.7ad9122f70fb2b35c91f2305d0d33df1.jpg 207,255,425,487,1 294,79,418,240,1
12_mp4-0016_jpg.rf.7c5266726479f4e90e139fb1298125af.jpg 34,72,310,554,1 348,105,585,554,1
8_mp4-0016_jpg.rf.8d0d76db8878a37fc39de9812ed0c53b.jpg 249,81,341,154,1 142,208,284,311,1 218,471,324,640,0 86,387,184,592,0
5_mp4-0010_jpg.rf.71d378d076fd6fbd801ffcbd9cccc1d4.jpg 376,524,583,636,0 0,380,138,637,0 263,389,375,637,0 141,364,258,637,0 409,280,523,523,0 235,275,409,385,0 45,209,235,362,1 242,192,416,282,0 125,127,240,207,0 238,105,420,185,1 194,82,237,122,1 240,59,369,101,1 252,6,353,56,1
8_mp4-0017_jpg.rf.7d286cb4c55e9543f34e56e74fdad686.jpg 202,335,287,491,0 319,399,447,600,0 40,455,177,639,0 261,70,349,143,1 295,125,366,206,1 464,424,596,634,0 149,209,305,328,1
7_mp4-0001_jpg.rf.7b722a384922a42f97263ed912edee99.jpg 354,318,406,451,0 120,272,195,430,1 295,152,378,223,1 264,226,356,354,1
3_mp4-0008_jpg.rf.8db1b5f9ace67c9212fbab7a3bd84419.jpg 360,47,442,206,1 315,188,410,373,1 191,139,304,288,1 318,200,398,331,1 379,392,537,579,0 225,419,347,640,0 44,439,223,637,0 559,471,631,640,0 495,275,567,401,0
2_mp4-0018_jpg.rf.9691086ca26742275fbb830fab11ae87.jpg 284,333,350,520,0 356,271,448,509,0 113,313,199,553,0 292,152,356,321,0 486,413,596,640,0 469,251,617,393,0 180,109,269,223,0
8_mp4-0000_jpg.rf.933818d0ec740015da17f3d2ed727935.jpg 314,271,402,447,0 156,464,458,635,1
3_mp4-0017_jpg.rf.7ae2fcd55802ecda4422a40285277710.jpg 382,59,444,174,1 337,68,405,174,1 288,35,344,97,1 268,124,319,245,0 214,117,267,250,0 185,136,213,255,0 161,97,188,218,0 101,203,168,342,0 33,172,107,339,0 180,263,239,425,0 351,320,487,450,0 497,383,541,555,0 546,456,612,638,0 443,440,489,621,0 267,249,349,392,0
7_mp4-0017_jpg.rf.93d210d6694bdb0d2ae6929e21a36153.jpg 448,409,552,640,0 232,334,368,608,0 273,209,372,322,1
5_mp4-0014_jpg.rf.995b3ed8fd9e21733cd2e01df91f650f.jpg
2_mp4-0006_jpg.rf.94a6b8328f9fb90b7dbdd7824c548498.jpg 32,263,101,435,0 274,321,320,503,0 384,319,465,479,0 490,450,609,639,0 371,186,407,319,0 289,158,338,303,0 94,63,146,236,0 149,140,270,286,0 449,21,506,103,1 275,21,342,127,0 359,43,408,133,0
12_mp4-0009_jpg.rf.80f24306bee3e3e71304f9a86d67d554.jpg 22,32,295,526,1 310,203,640,640,1
3_mp4-0009_jpg.rf.9bce043bdb811bb55b2127998534c472.jpg 239,242,353,436,1 364,221,467,456,1 351,99,443,224,1 259,112,334,174,0 518,321,584,498,0 441,481,629,640,0 370,471,431,640,0 87,465,362,639,0 114,148,176,323,0
2_mp4-0002_jpg.rf.9f912e7269a5014ab1bde06358390fcb.jpg 549,94,593,216,1 439,6,496,90,1 314,182,403,336,0 437,208,530,369,0 223,191,315,369,0 99,204,216,355,0
12_mp4-0013_jpg.rf.8dbaeeeca4af123f97d7a586ead7ddfa.jpg 52,152,280,580,1 296,67,573,582,1
12_mp4-0004_jpg.rf.9876811541ba227431c4bf20c50f288c.jpg 13,220,359,640,1
3_mp4-0013_jpg.rf.abe11ecde95685cd9888d38303eeca64.jpg 65,105,96,218,0 206,120,236,207,0 433,441,560,640,0 426,336,497,475,0 298,21,373,98,1 376,25,427,112,1 366,124,448,220,1 458,129,485,226,0 310,408,418,640,0 92,315,226,486,1
3_mp4-0014_jpg.rf.9f7cf0f05ca56467bc8fb8a67b29f2a4.jpg 99,303,205,521,1 224,376,408,636,1 420,379,484,558,0 365,85,448,222,1 302,29,413,82,1 98,238,183,435,1 57,118,88,254,0 116,113,186,223,0
11_mp4-0001_jpg.rf.a1636c8b0fc8c5bb79cdcf7c62796f2f.jpg 136,428,222,540,0 177,321,269,421,0 352,491,461,640,0
3_mp4-0011_jpg.rf.b4f18bbcec80c66090de0ad3429a93c9.jpg 282,383,414,602,0 167,387,284,640,0 66,439,160,640,0 44,265,127,440,0 516,429,617,632,0 361,68,432,156,1 256,21,308,88,1 209,115,282,239,1 216,265,361,371,1 389,183,456,284,0 328,15,406,56,1
2_mp4-0010_jpg.rf.b56deb01b830a27841d0dc606ded18de.jpg 251,83,301,205,0 52,287,196,532,0 225,357,322,552,0 343,456,415,640,0 315,229,428,457,0 456,226,549,370,0 420,8,492,104,1 543,96,595,208,1 451,124,538,220,1 320,128,380,230,0 357,84,422,190,0
9_mp4-0016_jpg.rf.9eb82ff1372656b92933916684a07d31.jpg 321,289,531,554,0 100,237,288,562,0 377,84,609,270,0
10_mp4-0004_jpg.rf.be9de08379efcc1cd370a29d70359d9c.jpg 336,372,575,640,1 253,184,422,354,1
5_mp4-0003_jpg.rf.ad2c83e887320eb687d9fb1fbddc1cf2.jpg 159,417,347,628,0 88,255,271,415,0 6,416,151,640,0 363,298,594,605,0 265,219,365,414,1 98,137,265,251,1 371,155,482,297,0 278,39,358,206,1 215,57,282,143,1
11_mp4-0008_jpg.rf.ba17075181cf131488f00246a9db5642.jpg 151,405,289,530,0 347,418,430,545,0
8_mp4-0012_jpg.rf.b8cc92ee4eda8fa13db6f8627ef989de.jpg 178,398,298,640,0 142,241,261,381,0 229,105,320,215,1
11_mp4-0000_jpg.rf.c5e9df1714b46f5f12a03a46fc07d8fb.jpg 191,328,279,452,0 291,321,465,640,0
8_mp4-0005_jpg.rf.bbccbdfebed6669a7d6a5e1573ac9336.jpg 208,366,415,550,0 243,127,316,259,1 126,358,201,570,0
12_mp4-0018_jpg.rf.c7f782a64e98cabc21f8222a24e609d4.jpg 47,161,295,604,1 345,132,619,592,1
12_mp4-0014_jpg.rf.cc95373ba9ff58100d34f53a7ef0b459.jpg 36,76,324,527,1 351,245,575,609,1
10_mp4-0013_jpg.rf.cb270bda02769b96fea54ca5eedfc68e.jpg 301,126,417,250,1 266,255,470,488,1
11_mp4-0002_jpg.rf.c7d1927e36b5ed8159c70312f744dd43.jpg 176,340,285,475,0 346,473,475,639,0 283,259,410,372,0 27,396,138,640,0
2_mp4-0003_jpg.rf.ce101247873b21dbf39200e1ce21c00e.jpg 70,251,159,418,0 458,271,544,432,0 297,203,400,407,0 542,100,593,211,1 196,22,285,110,1
5_mp4-0000_jpg.rf.caf234c7a9f9a82c06a5a9ba3cd2f18b.jpg 171,388,265,533,0 185,240,262,419,0 329,474,421,638,0 0,436,138,630,0 426,455,521,636,0 353,233,503,337,0 265,243,312,376,0 269,384,349,556,0 248,61,361,124,1 200,131,266,241,1 273,126,389,229,1 71,318,160,432,0 80,170,134,316,0 128,164,187,315,1
12_mp4-0007_jpg.rf.cfb891d734390cc95ddf9a08eaf0c647.jpg 12,27,289,536,1 320,165,640,640,1
12_mp4-0011_jpg.rf.cdb1767d1c45bfb33c3d8ab58ebd0cd2.jpg 25,48,273,581,1 312,187,634,628,1
5_mp4-0012_jpg.rf.dd8f9350ee39ca77b4c6bdf76a5b3501.jpg
10_mp4-0009_jpg.rf.e6555701a4efe918eef6565b1fd2c216.jpg 289,404,349,548,0 302,88,424,230,1 397,354,593,640,1
9_mp4-0007_jpg.rf.ed99ee98d5f9e50954466c1f9888d5a8.jpg 149,244,384,544,0 386,213,581,508,0 1,433,142,640,0
11_mp4-0012_jpg.rf.ceb4b7fe220856b867fbfba27d9d141b.jpg 151,442,236,523,0 334,399,383,528,0 283,325,372,394,1 289,530,448,607,1
7_mp4-0009_jpg.rf.d5cd3fb81b239826b4791bf0b5f8a703.jpg 281,193,398,295,1 114,178,210,317,0 290,101,364,186,1 125,375,271,539,0 275,335,379,576,0
8_mp4-0006_jpg.rf.e749b20ba7a407d363e497c17ae22b27.jpg 450,341,531,562,0 323,196,427,276,1 94,206,194,344,0 103,424,199,640,0
10_mp4-0007_jpg.rf.eab336f6c38090da155fb4dbaa36c31e.jpg 283,202,448,382,1 381,376,603,640,1 306,43,401,182,1
5_mp4-0007_jpg.rf.ea1baaf8cc46461c4dbc8baa68671a3b.jpg 349,443,602,638,0 113,328,343,636,1 10,359,114,628,0 338,232,531,442,1 80,189,339,325,1 347,150,429,231,0 159,107,262,188,0 262,92,342,186,1 345,69,389,145,1 205,41,316,101,1 321,9,347,86,1 267,0,325,44,1
5_mp4-0016_jpg.rf.ea443fec1399ef616a3f3aa2674cfea9.jpg 346,353,441,519,0 355,155,421,231,1 274,226,345,325,1 56,381,194,616,1
11_mp4-0007_jpg.rf.d04942fd8614908e3601d44b0ad9d7a2.jpg 328,376,428,515,0 163,316,279,539,0
10_mp4-0012_jpg.rf.ee2b034858416c1d6b193454cb957dce.jpg 246,216,399,437,1 324,75,406,194,1
5_mp4-0002_jpg.rf.f3fdba30c8145f6dee53409d048f21c3.jpg 14,381,271,630,0 274,384,403,637,0 366,274,546,630,0 34,212,242,381,0 247,186,365,380,1 371,184,441,271,1 275,78,372,186,1 150,113,239,210,1 239,69,271,181,1 251,34,347,72,1
9_mp4-0004_jpg.rf.f48014f345f73dbf4133f621b2f6dbe8.jpg 117,353,377,583,0 382,205,623,640,0
3_mp4-0000_jpg.rf.f0cea69090f70a67b56338ae99b361e2.jpg 104,301,262,460,1 265,370,388,597,1 278,271,425,364,1 289,100,394,161,1 333,26,409,82,1 256,41,305,99,1
2_mp4-0000_jpg.rf.f5d8e0031a76c4310039704f19a3994c.jpg
2_mp4-0001_jpg.rf.f9c6090dff85dfab70f969699c28e0b8.jpg 499,202,529,324,0 446,168,472,276,0 324,153,404,277,0 167,97,215,198,0 536,85,585,190,1 323,275,475,459,0 218,448,420,635,0 237,165,310,288,0
10_mp4-0016_jpg.rf.cc810736c9d672de15f4cbf4574f80fc.jpg 310,111,424,222,1
10_mp4-0005_jpg.rf.ee936b5d84aa53ec396e27b96c660a27.jpg 268,200,405,340,1 338,351,518,640,1
9_mp4-0002_jpg.rf.fda754b9e4aace0e08a74c5635d5a3d9.jpg 199,385,371,589,0 422,217,572,386,0 146,139,343,381,0
2_mp4-0013_jpg.rf.fa4fbe94d6ca6161fe49200e2f382303.jpg 205,142,285,296,0 432,271,490,453,0 270,400,376,571,0 10,431,152,636,0 105,286,151,450,0 5,245,68,432,0 289,228,332,380,0 318,20,422,140,1 238,4,328,79,1 472,157,553,267,1 551,327,634,524,0 467,420,574,635,0
10_mp4-0001_jpg.rf.fe59c416ba75272a0f32835a61425c2d.jpg 310,356,537,635,1 248,171,445,338,1